<?xml version="1.0"?>
<opencv_storage>
<classifications type_id="opencv-matrix">
  <rows>90</rows>
  <cols>1</cols>
  <dt>i</dt>
  <data>
    50 49 51 57 56 55 54 53 52 51 50 49 53 52 55 54 56 57 49 50 51 53 52
    55 56 54 57 56 55 54 53 52 51 50 49 57 49 51 50 53 52 55 56 54 57 56
    55 54 53 52 51 50 49 57 50 49 53 51 52 54 55 57 56 55 54 53 52 51 50
    49 56 57 49 50 55 53 52 51 50 49 53 57 56 54 56 55 52 57 51 54</data></classifications>
</opencv_storage>
